{
 "cells": [
  {
   "cell_type": "markdown",
   "id": "0c7b0a0b-93d3-4a30-bc78-9a8fe8df1f90",
   "metadata": {},
   "source": [
    "# Reading a CSV"
   ]
  },
  {
   "cell_type": "code",
   "execution_count": 1,
   "id": "9b3ceb95-4c98-4809-9c6d-2e310c2959a7",
   "metadata": {},
   "outputs": [],
   "source": [
    "import Data.Csv (FromRecord(..), ToRecord, HasHeader(..))\n",
    "import GHC.Generics\n",
    "import System.IO\n",
    "import System.Exit (exitFailure)\n",
    "-- from bytestring\n",
    "import Data.ByteString (ByteString, hGetSome, empty)\n",
    "import qualified Data.ByteString.Lazy as BL\n",
    "import Data.Csv.Incremental (Parser(..), decode)"
   ]
  },
  {
   "cell_type": "code",
   "execution_count": 2,
   "id": "0f38d363-1845-4e9d-9a21-c27b9ae84fe5",
   "metadata": {},
   "outputs": [],
   "source": [
    "import Data.Either (lefts, rights)"
   ]
  },
  {
   "cell_type": "code",
   "execution_count": 3,
   "id": "72e91bcd-d971-4317-bb37-ce4f10379fa9",
   "metadata": {},
   "outputs": [],
   "source": [
    "import Numeric.LinearAlgebra ((<\\>), takeDiag, inv, tr, dot, (<#), ident, (!), svd)\n",
    "import qualified Numeric.LinearAlgebra as LA ((<>))\n",
    "import Numeric.LinearAlgebra.Data (fromLists, fromList, Vector, rows)"
   ]
  },
  {
   "cell_type": "code",
   "execution_count": 4,
   "id": "e4a46711-c778-4aa5-aa24-4e330657d4bf",
   "metadata": {},
   "outputs": [],
   "source": [
    "data SpectorRecord = SpectorRecord\n",
    "  { obs :: !Int\n",
    "  , gpa  :: !Double\n",
    "  , tuce :: !Int\n",
    "  , psi :: !Int\n",
    "  , grade :: !Int\n",
    "  } deriving (Show, Eq, Generic)\n",
    "\n",
    "instance FromRecord SpectorRecord\n",
    "instance ToRecord SpectorRecord\n"
   ]
  },
  {
   "cell_type": "code",
   "execution_count": 5,
   "id": "13df91d9-bafb-40d6-8bfc-938585e232e6",
   "metadata": {},
   "outputs": [
    {
     "data": {
      "text/html": [
       "<div class=\"code CodeMirror cm-s-jupyter cm-s-ipython\"><span class=\"cm-keyword\">type</span><span class=\"cm-space\"> </span><span class=\"cm-variable-2\">FromRecord</span><span class=\"cm-space\"> </span><span class=\"cm-atom\">::</span><span class=\"cm-space\"> </span><span class=\"cm-atom\">*</span><span class=\"cm-space\"> </span><span class=\"cm-atom\">-></span><span class=\"cm-space\"> </span><span class=\"cm-variable-2\">Constraint</span><span class=\"cm-space\"><br /></span>\n",
       "<span class=\"cm-keyword\">class</span><span class=\"cm-space\"> </span><span class=\"cm-variable-2\">FromRecord</span><span class=\"cm-space\"> </span><span class=\"cm-variable\">a</span><span class=\"cm-space\"> </span><span class=\"cm-keyword\">where</span><span class=\"cm-space\"><br />  </span><span class=\"cm-variable\">parseRecord</span><span class=\"cm-space\"> </span><span class=\"cm-atom\">::</span><span class=\"cm-space\"> </span><span class=\"cm-variable\">cassava</span><span class=\"cm-operator\">-</span><span class=\"cm-number\">0.5</span><span class=\"cm-operator\">.</span><span class=\"cm-number\">3.0</span><span class=\"cm-operator\">-</span><span class=\"cm-variable-2\">KyZsaqzYvt6KMp6f7j98eP</span><span class=\"cm-atom\">:</span><span class=\"cm-variable-2\">Data.Csv.Types.Record</span><span class=\"cm-space\"> </span><span class=\"cm-atom\">-></span><span class=\"cm-space\"> </span><span class=\"cm-variable\">cassava</span><span class=\"cm-operator\">-</span><span class=\"cm-number\">0.5</span><span class=\"cm-operator\">.</span><span class=\"cm-number\">3.0</span><span class=\"cm-operator\">-</span><span class=\"cm-variable-2\">KyZsaqzYvt6KMp6f7j98eP</span><span class=\"cm-atom\">:</span><span class=\"cm-variable-2\">Data.Csv.Conversion.Parser</span><span class=\"cm-space\"> </span><span class=\"cm-variable\">a</span><span class=\"cm-space\"><br />  </span><span class=\"cm-keyword\">default</span><span class=\"cm-space\"> </span><span class=\"cm-variable\">parseRecord</span><span class=\"cm-space\"> </span><span class=\"cm-atom\">::</span><span class=\"cm-space\"> </span><span class=\"cm-atom\">(</span><span class=\"cm-variable-2\">Generic</span><span class=\"cm-space\"> </span><span class=\"cm-variable\">a</span><span class=\"cm-atom\">,</span><span class=\"cm-space\"> </span><span class=\"cm-variable\">cassava</span><span class=\"cm-operator\">-</span><span class=\"cm-number\">0.5</span><span class=\"cm-operator\">.</span><span class=\"cm-number\">3.0</span><span class=\"cm-operator\">-</span><span class=\"cm-variable-2\">KyZsaqzYvt6KMp6f7j98eP</span><span class=\"cm-atom\">:</span><span class=\"cm-variable-2\">Data.Csv.Conversion.GFromRecord</span><span class=\"cm-space\"> </span><span class=\"cm-atom\">(</span><span class=\"cm-variable-2\">Rep</span><span class=\"cm-space\"> </span><span class=\"cm-variable\">a</span><span class=\"cm-atom\">)</span><span class=\"cm-atom\">)</span><span class=\"cm-space\"> </span><span class=\"cm-atom\">=></span><span class=\"cm-space\"><br />                         </span><span class=\"cm-variable\">cassava</span><span class=\"cm-operator\">-</span><span class=\"cm-number\">0.5</span><span class=\"cm-operator\">.</span><span class=\"cm-number\">3.0</span><span class=\"cm-operator\">-</span><span class=\"cm-variable-2\">KyZsaqzYvt6KMp6f7j98eP</span><span class=\"cm-atom\">:</span><span class=\"cm-variable-2\">Data.Csv.Types.Record</span><span class=\"cm-space\"> </span><span class=\"cm-atom\">-></span><span class=\"cm-space\"> </span><span class=\"cm-variable\">cassava</span><span class=\"cm-operator\">-</span><span class=\"cm-number\">0.5</span><span class=\"cm-operator\">.</span><span class=\"cm-number\">3.0</span><span class=\"cm-operator\">-</span><span class=\"cm-variable-2\">KyZsaqzYvt6KMp6f7j98eP</span><span class=\"cm-atom\">:</span><span class=\"cm-variable-2\">Data.Csv.Conversion.Parser</span><span class=\"cm-space\"> </span><span class=\"cm-variable\">a</span><span class=\"cm-space\"><br />  \t</span><span class=\"cm-comment\">-- Defined in ‘cassava-0.5.3.0-KyZsaqzYvt6KMp6f7j98eP:Data.Csv.Conversion’</span><span class=\"cm-space\"><br /></span></div>"
      ],
      "text/plain": [
       "type FromRecord :: * -> Constraint\n",
       "class FromRecord a where\n",
       "  parseRecord :: cassava-0.5.3.0-KyZsaqzYvt6KMp6f7j98eP:Data.Csv.Types.Record -> cassava-0.5.3.0-KyZsaqzYvt6KMp6f7j98eP:Data.Csv.Conversion.Parser a\n",
       "  default parseRecord :: (Generic a, cassava-0.5.3.0-KyZsaqzYvt6KMp6f7j98eP:Data.Csv.Conversion.GFromRecord (Rep a)) =>\n",
       "                         cassava-0.5.3.0-KyZsaqzYvt6KMp6f7j98eP:Data.Csv.Types.Record -> cassava-0.5.3.0-KyZsaqzYvt6KMp6f7j98eP:Data.Csv.Conversion.Parser a\n",
       "  \t-- Defined in ‘cassava-0.5.3.0-KyZsaqzYvt6KMp6f7j98eP:Data.Csv.Conversion’"
      ]
     },
     "metadata": {},
     "output_type": "display_data"
    }
   ],
   "source": [
    ":info parseRecord"
   ]
  },
  {
   "cell_type": "code",
   "execution_count": 6,
   "id": "a4b45893-05bd-47aa-b72b-16ddb65d500d",
   "metadata": {},
   "outputs": [],
   "source": [
    "feed :: (ByteString -> Parser SpectorRecord) -> Handle -> IO (Parser SpectorRecord)\n",
    "feed k csvFile = do\n",
    "  hIsEOF csvFile >>= \\eof -> case eof of\n",
    "    True  -> return $ k empty\n",
    "    False -> k <$> hGetSome csvFile 4096\n",
    "\n",
    "spector <- withFile \"spector.csv\" ReadMode $ \\ csvFile -> do\n",
    "  let loop !_ (Fail _ errMsg) = do putStrLn errMsg; return []\n",
    "      loop acc (Many rs k)    = loop (acc <> rs) =<< feed k csvFile\n",
    "      loop acc (Done rs)      = return $ (acc <> rs)\n",
    "  loop [] (decode HasHeader)\n"
   ]
  },
  {
   "cell_type": "code",
   "execution_count": 7,
   "id": "729ffeb9-17fc-4ed1-b14b-478e1af23de7",
   "metadata": {
    "scrolled": true
   },
   "outputs": [
    {
     "data": {
      "text/plain": [
       "[SpectorRecord {obs = 1, gpa = 2.66, tuce = 20, psi = 0, grade = 0},SpectorRecord {obs = 2, gpa = 2.89, tuce = 22, psi = 0, grade = 0},SpectorRecord {obs = 3, gpa = 3.28, tuce = 24, psi = 0, grade = 0},SpectorRecord {obs = 4, gpa = 2.92, tuce = 12, psi = 0, grade = 0},SpectorRecord {obs = 5, gpa = 4.0, tuce = 21, psi = 0, grade = 1},SpectorRecord {obs = 6, gpa = 2.86, tuce = 17, psi = 0, grade = 0},SpectorRecord {obs = 7, gpa = 2.76, tuce = 17, psi = 0, grade = 0},SpectorRecord {obs = 8, gpa = 2.87, tuce = 21, psi = 0, grade = 0},SpectorRecord {obs = 9, gpa = 3.03, tuce = 25, psi = 0, grade = 0},SpectorRecord {obs = 10, gpa = 3.92, tuce = 29, psi = 0, grade = 1},SpectorRecord {obs = 11, gpa = 2.63, tuce = 20, psi = 0, grade = 0},SpectorRecord {obs = 12, gpa = 3.32, tuce = 23, psi = 0, grade = 0},SpectorRecord {obs = 13, gpa = 3.57, tuce = 23, psi = 0, grade = 0},SpectorRecord {obs = 14, gpa = 3.26, tuce = 25, psi = 0, grade = 1},SpectorRecord {obs = 15, gpa = 3.53, tuce = 26, psi = 0, grade = 0},SpectorRecord {obs = 16, gpa = 2.74, tuce = 19, psi = 0, grade = 0},SpectorRecord {obs = 17, gpa = 2.75, tuce = 25, psi = 0, grade = 0},SpectorRecord {obs = 18, gpa = 2.83, tuce = 19, psi = 0, grade = 0},SpectorRecord {obs = 19, gpa = 3.12, tuce = 23, psi = 1, grade = 0},SpectorRecord {obs = 20, gpa = 3.16, tuce = 25, psi = 1, grade = 1},SpectorRecord {obs = 21, gpa = 2.06, tuce = 22, psi = 1, grade = 0},SpectorRecord {obs = 22, gpa = 3.62, tuce = 28, psi = 1, grade = 1},SpectorRecord {obs = 23, gpa = 2.89, tuce = 14, psi = 1, grade = 0},SpectorRecord {obs = 24, gpa = 3.51, tuce = 26, psi = 1, grade = 0},SpectorRecord {obs = 25, gpa = 3.54, tuce = 24, psi = 1, grade = 1},SpectorRecord {obs = 26, gpa = 2.83, tuce = 27, psi = 1, grade = 1},SpectorRecord {obs = 27, gpa = 3.39, tuce = 17, psi = 1, grade = 1},SpectorRecord {obs = 28, gpa = 2.67, tuce = 24, psi = 1, grade = 0},SpectorRecord {obs = 29, gpa = 3.65, tuce = 21, psi = 1, grade = 1},SpectorRecord {obs = 30, gpa = 4.0, tuce = 23, psi = 1, grade = 1},SpectorRecord {obs = 31, gpa = 3.1, tuce = 21, psi = 1, grade = 0},SpectorRecord {obs = 32, gpa = 2.39, tuce = 19, psi = 1, grade = 1}]"
      ]
     },
     "metadata": {},
     "output_type": "display_data"
    }
   ],
   "source": [
    "rights spector"
   ]
  },
  {
   "cell_type": "code",
   "execution_count": 8,
   "id": "da018f84-98e5-4335-b4b0-2e2b4c91a776",
   "metadata": {},
   "outputs": [],
   "source": [
    "x0 = fromLists $ map (\\spector -> [1.0, gpa spector, fromIntegral $ tuce spector, fromIntegral $ psi spector]) (rights spector)\n",
    "y = fromList $ map (fromIntegral . grade) (rights spector) :: Vector Double"
   ]
  },
  {
   "cell_type": "code",
   "execution_count": 9,
   "id": "e35ca8b6-e775-41f8-b1a8-1491b830e47e",
   "metadata": {},
   "outputs": [],
   "source": [
    "import Numeric.LinearAlgebra (thinSVD, disp, diag, diagRect)\n",
    "import Numeric.LinearAlgebra.Data (rows, cols)"
   ]
  },
  {
   "cell_type": "code",
   "execution_count": 10,
   "id": "098d8cbf-0aa4-44ed-ab26-bc250707ad15",
   "metadata": {},
   "outputs": [],
   "source": [
    "import Numeric.LinearAlgebra.Data (maxElement, cmap, subVector, conj)\n",
    "import Numeric.LinearAlgebra (Matrix)"
   ]
  },
  {
   "cell_type": "code",
   "execution_count": 27,
   "id": "ecbfbbfe-5677-40e2-9e4b-6ad7fcbefa39",
   "metadata": {},
   "outputs": [
    {
     "data": {
      "text/plain": [
       "32x32\n",
       "-0.16  -0.04  -0.14   0.20  -0.19  -0.20  -0.20  -0.17  -0.13  -0.11  -0.17  -0.16  -0.16  -0.14  -0.13  -0.18  -0.13  -0.18  -0.19  -0.17  -0.18  -0.15  -0.27  -0.17  -0.19  -0.15  -0.25  -0.17  -0.22  -0.21  -0.21  -0.21\n",
       "-0.17  -0.06  -0.15   0.09   0.33  -0.09  -0.13  -0.11  -0.06   0.27  -0.20   0.06   0.16   0.03   0.13  -0.15  -0.17  -0.11   0.02   0.03  -0.39   0.19  -0.03   0.16   0.18  -0.11   0.15  -0.16   0.24   0.36   0.02  -0.25\n",
       "-0.19  -0.04  -0.17  -0.06   0.00   0.11   0.10  -0.08  -0.25  -0.38  -0.05  -0.14  -0.12  -0.24  -0.27   0.01  -0.27   0.01   0.03  -0.06   0.00  -0.17   0.44  -0.08   0.01  -0.18   0.33  -0.05   0.16   0.10   0.12   0.17\n",
       "-0.10   0.40  -0.12   0.28  -0.24  -0.22  -0.21  -0.13  -0.05  -0.04  -0.13  -0.12  -0.15  -0.07  -0.07  -0.16  -0.02  -0.17   0.17   0.21   0.25   0.24  -0.02   0.20   0.15   0.29  -0.00   0.24   0.07   0.08   0.12   0.15\n",
       "-0.17   0.32  -0.18  -0.21   0.80  -0.05  -0.04  -0.01   0.01  -0.09   0.02  -0.06  -0.10  -0.03  -0.06  -0.01   0.06  -0.02  -0.02   0.00   0.15  -0.04  -0.08  -0.05  -0.08   0.08  -0.13   0.07  -0.13  -0.16  -0.04   0.06\n",
       "-0.14   0.16  -0.14   0.20  -0.04   0.93  -0.07  -0.03   0.01   0.05  -0.04  -0.01  -0.02   0.01   0.02  -0.05   0.01  -0.05  -0.01   0.01  -0.02   0.04  -0.10   0.02  -0.00   0.03  -0.08   0.00  -0.03  -0.02  -0.03  -0.05\n",
       "-0.14   0.13  -0.13   0.23  -0.02  -0.07   0.92  -0.04   0.00   0.05  -0.05  -0.01  -0.01   0.01   0.02  -0.06   0.00  -0.06  -0.01   0.01  -0.03   0.04  -0.10   0.02   0.00   0.02  -0.06  -0.01  -0.02  -0.00  -0.03  -0.06\n",
       "-0.17  -0.02  -0.15   0.12  -0.03  -0.05  -0.05   0.96  -0.03  -0.02  -0.05  -0.03  -0.03  -0.03  -0.03  -0.05  -0.04  -0.05  -0.00   0.00  -0.02   0.01  -0.02   0.01   0.01  -0.00  -0.01  -0.01   0.00   0.01  -0.00  -0.02\n",
       "-0.20  -0.16  -0.16  -0.01  -0.04  -0.02  -0.02  -0.05   0.93  -0.09  -0.04  -0.06  -0.05  -0.07  -0.07  -0.04  -0.07  -0.04   0.01  -0.01   0.00  -0.02   0.06  -0.01   0.00  -0.02   0.05  -0.00   0.02   0.01   0.02   0.02\n",
       "-0.23  -0.07  -0.20  -0.34  -0.16  -0.00   0.01  -0.03  -0.08   0.79   0.00  -0.10  -0.13  -0.10  -0.14  -0.00  -0.05  -0.01   0.01  -0.01   0.13  -0.09   0.10  -0.06  -0.05   0.01   0.02   0.05  -0.04  -0.10   0.02   0.12\n",
       "-0.16  -0.05  -0.14   0.20   0.01  -0.05  -0.06  -0.05  -0.03   0.02   0.94  -0.02  -0.01  -0.02  -0.01  -0.06  -0.05  -0.05  -0.00   0.00  -0.05   0.03  -0.03   0.02   0.02  -0.01   0.00  -0.02   0.02   0.04  -0.01  -0.04\n",
       "-0.18   0.02  -0.17  -0.05  -0.09  -0.04  -0.03  -0.03  -0.04  -0.08  -0.02   0.95  -0.07  -0.05  -0.06  -0.03  -0.02  -0.03  -0.00  -0.00   0.05  -0.02   0.00  -0.02  -0.02   0.02  -0.02   0.02  -0.03  -0.04  -0.00   0.03\n",
       "-0.18   0.10  -0.17  -0.12  -0.13  -0.04  -0.03  -0.03  -0.03  -0.09  -0.01  -0.06   0.92  -0.05  -0.07  -0.02  -0.00  -0.03  -0.01  -0.00   0.09  -0.03  -0.01  -0.03  -0.04   0.03  -0.05   0.04  -0.06  -0.08  -0.01   0.05\n",
       "-0.20  -0.09  -0.17  -0.07  -0.07  -0.02  -0.02  -0.04  -0.06  -0.10  -0.03  -0.06  -0.07   0.93  -0.08  -0.03  -0.05  -0.03   0.00  -0.01   0.04  -0.03   0.05  -0.02  -0.01  -0.00   0.02   0.01  -0.00  -0.02   0.01   0.04\n",
       "-0.21  -0.05  -0.18  -0.17  -0.11  -0.02  -0.01  -0.04  -0.06  -0.14  -0.02  -0.07  -0.09  -0.08   0.90  -0.02  -0.04  -0.02   0.00  -0.01   0.08  -0.05   0.05  -0.04  -0.03   0.01   0.01   0.03  -0.02  -0.06   0.01   0.07\n",
       "-0.15   0.03  -0.14   0.19  -0.01  -0.06  -0.06  -0.04  -0.02   0.02  -0.05  -0.02  -0.01  -0.01  -0.00   0.95  -0.03  -0.05  -0.01   0.01  -0.04   0.03  -0.05   0.02   0.01   0.01  -0.03  -0.01  -0.00   0.02  -0.02  -0.04\n",
       "-0.20  -0.24  -0.15   0.07   0.00  -0.02  -0.03  -0.06  -0.08  -0.07  -0.06  -0.05  -0.04  -0.07  -0.06  -0.05   0.90  -0.04   0.01  -0.00  -0.04  -0.01   0.08   0.01   0.02  -0.04   0.08  -0.02   0.06   0.06   0.03   0.00\n",
       "-0.15   0.06  -0.14   0.17  -0.03  -0.06  -0.06  -0.04  -0.01   0.02  -0.05  -0.02  -0.02  -0.01  -0.00  -0.05  -0.02   0.95  -0.01   0.01  -0.02   0.03  -0.06   0.01   0.00   0.01  -0.04  -0.01  -0.01   0.00  -0.02  -0.04\n",
       "-0.18  -0.01   0.20  -0.01   0.00   0.00   0.00  -0.00  -0.01  -0.01  -0.00  -0.00  -0.00  -0.01  -0.01   0.00  -0.01   0.00   0.93  -0.07  -0.07  -0.07  -0.06  -0.07  -0.07  -0.08  -0.06  -0.07  -0.06  -0.06  -0.07  -0.07\n",
       "-0.20  -0.09   0.19  -0.06   0.00   0.02   0.02  -0.01  -0.03  -0.04  -0.00  -0.01  -0.01  -0.02  -0.03   0.00  -0.03   0.00  -0.07   0.92  -0.07  -0.09  -0.02  -0.08  -0.07  -0.09  -0.03  -0.08  -0.05  -0.06  -0.05  -0.05\n",
       "-0.17  -0.29   0.23   0.32   0.16   0.00  -0.02  -0.03  -0.04   0.08  -0.07   0.03   0.07   0.00   0.04  -0.04  -0.09  -0.02  -0.06  -0.07   0.77  -0.02  -0.02  -0.02   0.00  -0.14   0.04  -0.14   0.05   0.09  -0.05  -0.15\n",
       "-0.22  -0.09   0.17  -0.25  -0.06   0.03   0.04   0.00  -0.04  -0.12   0.02  -0.04  -0.05  -0.05  -0.07   0.02  -0.03   0.02  -0.06  -0.08  -0.00   0.87   0.02  -0.11  -0.09  -0.08  -0.03  -0.05  -0.07  -0.11  -0.05   0.01\n",
       "-0.11   0.33   0.23   0.24   0.01  -0.05  -0.05   0.01   0.08   0.15  -0.00   0.05   0.05   0.08   0.10  -0.02   0.08  -0.02  -0.09  -0.06  -0.10  -0.01   0.76  -0.04  -0.07  -0.02  -0.19  -0.07  -0.13  -0.09  -0.12  -0.15\n",
       "-0.21  -0.03   0.18  -0.18  -0.04   0.02   0.03   0.00  -0.02  -0.08   0.02  -0.03  -0.04  -0.03  -0.05   0.02  -0.01   0.01  -0.07  -0.08  -0.02  -0.11  -0.01   0.90  -0.09  -0.07  -0.05  -0.05  -0.08  -0.10  -0.06  -0.02\n",
       "-0.19   0.07   0.18  -0.15  -0.06   0.01   0.01   0.01  -0.00  -0.05   0.02  -0.02  -0.03  -0.01  -0.03   0.02   0.02   0.01  -0.07  -0.07  -0.01  -0.10  -0.06  -0.09   0.90  -0.06  -0.09  -0.05  -0.10  -0.12  -0.07  -0.03\n",
       "-0.21  -0.28   0.19  -0.00   0.06   0.03   0.02  -0.02  -0.06  -0.05  -0.03  -0.01   0.00  -0.04  -0.04  -0.00  -0.08   0.00  -0.06  -0.08  -0.12  -0.08   0.04  -0.07  -0.04   0.87   0.04  -0.10   0.01   0.01  -0.03  -0.06\n",
       "-0.14   0.34   0.21   0.03  -0.06  -0.04  -0.03   0.02   0.07   0.07   0.02   0.02   0.00   0.05   0.05   0.00   0.09  -0.00  -0.09  -0.06  -0.03  -0.05  -0.20  -0.07  -0.10  -0.01   0.81  -0.04  -0.15  -0.15  -0.12  -0.10\n",
       "-0.19  -0.19   0.21   0.10   0.08   0.01   0.00  -0.02  -0.04   0.01  -0.03   0.00   0.02  -0.02  -0.00  -0.01  -0.06  -0.01  -0.06  -0.07  -0.14  -0.06  -0.01  -0.05  -0.03  -0.12   0.01   0.89  -0.00   0.01  -0.05  -0.09\n",
       "-0.17   0.24   0.19  -0.12  -0.08  -0.01  -0.00   0.02   0.04  -0.01   0.03  -0.01  -0.03   0.02  -0.00   0.02   0.06   0.01  -0.08  -0.07   0.01  -0.09  -0.13  -0.09  -0.11  -0.02  -0.15  -0.03   0.86  -0.16  -0.10  -0.05\n",
       "-0.18   0.25   0.17  -0.26  -0.13   0.00   0.01   0.03   0.03  -0.07   0.05  -0.02  -0.06  -0.00  -0.03   0.03   0.07   0.02  -0.08  -0.07   0.06  -0.12  -0.11  -0.12  -0.13  -0.02  -0.16  -0.01  -0.17   0.80  -0.09  -0.01\n",
       "-0.17   0.07   0.20   0.04   0.00  -0.01  -0.01   0.00   0.01   0.02  -0.00   0.01   0.01   0.01   0.02  -0.00   0.01  -0.00  -0.07  -0.07  -0.08  -0.06  -0.10  -0.07  -0.07  -0.06  -0.09  -0.07  -0.08  -0.08   0.92  -0.09\n",
       "-0.15  -0.05   0.23   0.28   0.10  -0.02  -0.03  -0.01   0.01   0.10  -0.04   0.03   0.06   0.03   0.06  -0.03  -0.02  -0.02  -0.07  -0.06  -0.18  -0.01  -0.10  -0.03  -0.03  -0.10  -0.05  -0.12  -0.02   0.02  -0.08   0.85"
      ]
     },
     "metadata": {},
     "output_type": "display_data"
    },
    {
     "data": {
      "text/plain": [
       "4x32\n",
       "127.35  0.00  0.00  0.00  0.00  0.00  0.00  0.00  0.00  0.00  0.00  0.00  0.00  0.00  0.00  0.00  0.00  0.00  0.00  0.00  0.00  0.00  0.00  0.00  0.00  0.00  0.00  0.00  0.00  0.00  0.00  0.00\n",
       "  0.00  3.19  0.00  0.00  0.00  0.00  0.00  0.00  0.00  0.00  0.00  0.00  0.00  0.00  0.00  0.00  0.00  0.00  0.00  0.00  0.00  0.00  0.00  0.00  0.00  0.00  0.00  0.00  0.00  0.00  0.00  0.00\n",
       "  0.00  0.00  2.79  0.00  0.00  0.00  0.00  0.00  0.00  0.00  0.00  0.00  0.00  0.00  0.00  0.00  0.00  0.00  0.00  0.00  0.00  0.00  0.00  0.00  0.00  0.00  0.00  0.00  0.00  0.00  0.00  0.00\n",
       "  0.00  0.00  0.00  0.73  0.00  0.00  0.00  0.00  0.00  0.00  0.00  0.00  0.00  0.00  0.00  0.00  0.00  0.00  0.00  0.00  0.00  0.00  0.00  0.00  0.00  0.00  0.00  0.00  0.00  0.00  0.00  0.00"
      ]
     },
     "metadata": {},
     "output_type": "display_data"
    },
    {
     "data": {
      "text/plain": [
       "4x4\n",
       "-0.04   0.20  -0.01   0.98\n",
       "-0.14   0.96  -0.08  -0.21\n",
       "-0.99  -0.15  -0.01  -0.01\n",
       "-0.02   0.08   1.00  -0.01"
      ]
     },
     "metadata": {},
     "output_type": "display_data"
    }
   ],
   "source": [
    "-- pinv_extended :: Matrix Double -> Double -> ?\n",
    "-- svd :: Field t => Matrix t -> (Matrix t, Vector Double, Matrix t)\n",
    "let (u, s, v) = svd $ conj x0\n",
    "disp 2 u\n",
    "disp 2 $ diagRect 0 s 4 32\n",
    "disp 2 v"
   ]
  },
  {
   "cell_type": "code",
   "execution_count": 28,
   "id": "e29a902b-eb26-4730-9278-970cc160201c",
   "metadata": {},
   "outputs": [
    {
     "data": {
      "text/plain": [
       "(4><32)\n",
       " [  1.0,  1.0,  1.0,  1.0,  1.0,  1.0,  1.0,  1.0,  1.0,  1.0,  1.0,  1.0,  1.0,  1.0,  1.0,  1.0,  1.0,  1.0,  1.0,  1.0,  1.0,  1.0,  1.0,  1.0,  1.0,  1.0,  1.0,  1.0,  1.0,  1.0,  1.0,  1.0\n",
       " , 2.66, 2.89, 3.28, 2.92,  4.0, 2.86, 2.76, 2.87, 3.03, 3.92, 2.63, 3.32, 3.57, 3.26, 3.53, 2.74, 2.75, 2.83, 3.12, 3.16, 2.06, 3.62, 2.89, 3.51, 3.54, 2.83, 3.39, 2.67, 3.65,  4.0,  3.1, 2.39\n",
       " , 20.0, 22.0, 24.0, 12.0, 21.0, 17.0, 17.0, 21.0, 25.0, 29.0, 20.0, 23.0, 23.0, 25.0, 26.0, 19.0, 25.0, 19.0, 23.0, 25.0, 22.0, 28.0, 14.0, 26.0, 24.0, 27.0, 17.0, 24.0, 21.0, 23.0, 21.0, 19.0\n",
       " ,  0.0,  0.0,  0.0,  0.0,  0.0,  0.0,  0.0,  0.0,  0.0,  0.0,  0.0,  0.0,  0.0,  0.0,  0.0,  0.0,  0.0,  0.0,  1.0,  1.0,  1.0,  1.0,  1.0,  1.0,  1.0,  1.0,  1.0,  1.0,  1.0,  1.0,  1.0,  1.0 ]"
      ]
     },
     "metadata": {},
     "output_type": "display_data"
    }
   ],
   "source": [
    "tr x0"
   ]
  },
  {
   "cell_type": "code",
   "execution_count": 29,
   "id": "c7add268-a186-44bb-ab45-b238b581c1bd",
   "metadata": {},
   "outputs": [
    {
     "data": {
      "text/plain": [
       "32x4\n",
       "1.0000  2.6600  20.0000  0.0000\n",
       "1.0000  2.8900  22.0000  0.0000\n",
       "1.0000  3.2800  24.0000  0.0000\n",
       "1.0000  2.9200  12.0000  0.0000\n",
       "1.0000  4.0000  21.0000  0.0000\n",
       "1.0000  2.8600  17.0000  0.0000\n",
       "1.0000  2.7600  17.0000  0.0000\n",
       "1.0000  2.8700  21.0000  0.0000\n",
       "1.0000  3.0300  25.0000  0.0000\n",
       "1.0000  3.9200  29.0000  0.0000\n",
       "1.0000  2.6300  20.0000  0.0000\n",
       "1.0000  3.3200  23.0000  0.0000\n",
       "1.0000  3.5700  23.0000  0.0000\n",
       "1.0000  3.2600  25.0000  0.0000\n",
       "1.0000  3.5300  26.0000  0.0000\n",
       "1.0000  2.7400  19.0000  0.0000\n",
       "1.0000  2.7500  25.0000  0.0000\n",
       "1.0000  2.8300  19.0000  0.0000\n",
       "1.0000  3.1200  23.0000  1.0000\n",
       "1.0000  3.1600  25.0000  1.0000\n",
       "1.0000  2.0600  22.0000  1.0000\n",
       "1.0000  3.6200  28.0000  1.0000\n",
       "1.0000  2.8900  14.0000  1.0000\n",
       "1.0000  3.5100  26.0000  1.0000\n",
       "1.0000  3.5400  24.0000  1.0000\n",
       "1.0000  2.8300  27.0000  1.0000\n",
       "1.0000  3.3900  17.0000  1.0000\n",
       "1.0000  2.6700  24.0000  1.0000\n",
       "1.0000  3.6500  21.0000  1.0000\n",
       "1.0000  4.0000  23.0000  1.0000\n",
       "1.0000  3.1000  21.0000  1.0000\n",
       "1.0000  2.3900  19.0000  1.0000"
      ]
     },
     "metadata": {},
     "output_type": "display_data"
    }
   ],
   "source": [
    "disp 4 $ u <> diagRect 0 s 32 4 <> tr v"
   ]
  },
  {
   "cell_type": "code",
   "execution_count": 14,
   "id": "c00c8aba-6048-4bc8-95ac-9efa22b905f6",
   "metadata": {},
   "outputs": [
    {
     "data": {
      "text/plain": [
       "4x4\n",
       " 1.00  -0.00  0.00  -0.00\n",
       "-0.00   1.00  0.00  -0.00\n",
       " 0.00   0.00  1.00   0.00\n",
       "-0.00  -0.00  0.00   1.00"
      ]
     },
     "metadata": {},
     "output_type": "display_data"
    }
   ],
   "source": [
    "disp 2 $ v <> tr v"
   ]
  },
  {
   "cell_type": "code",
   "execution_count": 26,
   "id": "66a41073-8034-462e-91ee-ee8166dfb8dd",
   "metadata": {},
   "outputs": [
    {
     "data": {
      "text/plain": [
       "32x4\n",
       "-0.1586  -0.0411  -0.1381   0.1964\n",
       "-0.1744  -0.0625  -0.1505   0.0914\n",
       "-0.1903  -0.0354  -0.1677  -0.0592\n",
       "-0.0967   0.4015  -0.1236   0.2787\n",
       "-0.1678   0.3189  -0.1809  -0.2063\n",
       "-0.1355   0.1559  -0.1357   0.1979\n",
       "-0.1354   0.1256  -0.1327   0.2265\n",
       "-0.1666  -0.0230  -0.1472   0.1167\n",
       "-0.1978  -0.1566  -0.1631  -0.0073\n",
       "-0.2299  -0.0692  -0.2008  -0.3401\n",
       "-0.1586  -0.0502  -0.1372   0.2049\n",
       "-0.1826   0.0222  -0.1662  -0.0511\n",
       "-0.1829   0.0978  -0.1736  -0.1226\n",
       "-0.1981  -0.0870  -0.1699  -0.0731\n",
       "-0.2061  -0.0508  -0.1808  -0.1699\n",
       "-0.1509   0.0286  -0.1377   0.1931\n",
       "-0.1975  -0.2413  -0.1547   0.0727\n",
       "-0.1510   0.0558  -0.1404   0.1673\n",
       "-0.1825  -0.0129   0.1973  -0.0066\n",
       "-0.1981  -0.0918   0.1906  -0.0572\n",
       "-0.1736  -0.2882   0.2317   0.3161\n",
       "-0.2219  -0.0890   0.1685  -0.2474\n",
       "-0.1124   0.3269   0.2293   0.2355\n",
       "-0.2063  -0.0314   0.1773  -0.1768\n",
       "-0.1908   0.0687   0.1820  -0.1462\n",
       "-0.2133  -0.2826   0.1948  -0.0020\n",
       "-0.1362   0.3417   0.2060   0.0338\n",
       "-0.1898  -0.1946   0.2080   0.1025\n",
       "-0.1676   0.2384   0.1871  -0.1189\n",
       "-0.1835   0.2534   0.1711  -0.2581\n",
       "-0.1670   0.0720   0.2035   0.0383\n",
       "-0.1507  -0.0519   0.2303   0.2805"
      ]
     },
     "metadata": {},
     "output_type": "display_data"
    },
    {
     "data": {
      "text/plain": [
       "4x4\n",
       "127.3469  0.0000  0.0000  0.0000\n",
       "  0.0000  3.1889  0.0000  0.0000\n",
       "  0.0000  0.0000  2.7872  0.0000\n",
       "  0.0000  0.0000  0.0000  0.7253"
      ]
     },
     "metadata": {},
     "output_type": "display_data"
    },
    {
     "data": {
      "text/plain": [
       "4x4\n",
       "-0.0438   0.2032  -0.0084   0.9781\n",
       "-0.1378   0.9649  -0.0832  -0.2074\n",
       "-0.9893  -0.1450  -0.0078  -0.0142\n",
       "-0.0196   0.0811   0.9965  -0.0092"
      ]
     },
     "metadata": {},
     "output_type": "display_data"
    }
   ],
   "source": [
    "-- pinv_extended :: Matrix Double -> Double -> ?\n",
    "let (u, s, v) = thinSVD $ conj x0\n",
    "disp 4 u\n",
    "disp 4 $ diagRect 0 s 4 4\n",
    "disp 4 v"
   ]
  },
  {
   "cell_type": "code",
   "execution_count": 16,
   "id": "db1c384e-3910-4c9f-964d-dfd5ee140b83",
   "metadata": {},
   "outputs": [],
   "source": [
    "pinvExtended :: Matrix Double -> Double -> (Matrix Double, Vector Double)\n",
    "pinvExtended m rcond = (v <> diagRect 0 srecip rrow rcol <> tr u, s)\n",
    "    where (u, s, v) = thinSVD $ conj x0\n",
    "          rcol = cols u\n",
    "          rrow = cols v\n",
    "          urow = rows u\n",
    "          vrow = rows v\n",
    "          cutoff = rcond * maxElement s\n",
    "          srecip = cmap (\\x -> if x > cutoff then 1.0 / x else 0.0) (subVector 0 (min urow vrow) s)\n",
    "\n",
    "-- print cutoff\n",
    "-- let srecip = cmap (\\x -> if x > cutoff then 1.0 / x else 0.0) (subVector 0 (min (rows u) (rows v)) s)\n",
    "-- print srecip\n",
    "-- let ret = v <> diagRect 0 srecip (cols v) (rows u) <> tr u\n",
    "-- disp 4 u\n",
    "-- disp 4 $ diagRect 0 s 4 32\n",
    "-- disp 4 v"
   ]
  },
  {
   "cell_type": "code",
   "execution_count": 19,
   "id": "8533f13d-6ca0-4f08-83a3-bfee3e1eebd1",
   "metadata": {},
   "outputs": [
    {
     "data": {
      "text/plain": [
       "4x4\n",
       " 1.000  0.000   0.000   0.000\n",
       "-0.000  1.000  -0.000  -0.000\n",
       " 0.000  0.000   1.000   0.000\n",
       "-0.000  0.000  -0.000   1.000"
      ]
     },
     "metadata": {},
     "output_type": "display_data"
    },
    {
     "data": {
      "text/plain": [
       "32x32\n",
       " 0.084   0.069   0.043   0.071  -0.002   0.073   0.079   0.071   0.059   0.000   0.086   0.041   0.025   0.044   0.026   0.080   0.077   0.074   0.001  -0.002   0.069  -0.033   0.019  -0.025  -0.026   0.018  -0.014   0.030  -0.032  -0.056   0.003   0.049\n",
       " 0.069   0.065   0.055   0.036   0.018   0.052   0.056   0.063   0.068   0.044   0.070   0.051   0.041   0.059   0.051   0.063   0.079   0.059   0.002   0.006   0.042  -0.004  -0.014  -0.005  -0.012   0.025  -0.026   0.023  -0.025  -0.033  -0.003   0.020\n",
       " 0.043   0.055   0.069   0.008   0.063   0.031   0.030   0.050   0.071   0.100   0.043   0.065   0.068   0.074   0.081   0.039   0.068   0.040   0.002   0.012  -0.014   0.032  -0.043   0.021   0.012   0.018  -0.023   0.002  -0.001   0.013  -0.007  -0.025\n",
       " 0.071   0.036   0.008   0.263   0.109   0.148   0.143   0.058  -0.026  -0.076   0.069   0.033   0.044  -0.015  -0.025   0.097  -0.038   0.101  -0.014  -0.057  -0.039  -0.104   0.179  -0.064  -0.017  -0.117   0.134  -0.057   0.056   0.026   0.031   0.043\n",
       "-0.002   0.018   0.063   0.109   0.205   0.056   0.040   0.023   0.014   0.123  -0.007   0.078   0.119   0.051   0.086   0.020  -0.031   0.034  -0.008  -0.019  -0.170   0.029   0.033   0.029   0.051  -0.089   0.088  -0.089   0.095   0.134   0.006  -0.091\n",
       " 0.073   0.052   0.031   0.148   0.056   0.100   0.101   0.062   0.023  -0.020   0.073   0.041   0.039   0.022   0.011   0.082   0.025   0.081  -0.005  -0.025   0.010  -0.056   0.082  -0.036  -0.017  -0.042   0.050  -0.013   0.011  -0.010   0.014   0.037\n",
       " 0.079   0.056   0.030   0.143   0.040   0.101   0.103   0.066   0.027  -0.028   0.080   0.038   0.032   0.022   0.007   0.086   0.033   0.084  -0.005  -0.023   0.028  -0.060   0.079  -0.040  -0.023  -0.033   0.042  -0.003   0.001  -0.025   0.013   0.047\n",
       " 0.071   0.063   0.050   0.058   0.023   0.062   0.066   0.064   0.060   0.030   0.072   0.048   0.039   0.051   0.042   0.067   0.070   0.064   0.001   0.000   0.038  -0.015   0.005  -0.012  -0.014   0.013  -0.012   0.017  -0.019  -0.031   0.001   0.025\n",
       " 0.059   0.068   0.071  -0.026   0.014   0.023   0.027   0.060   0.090   0.092   0.060   0.060   0.050   0.081   0.079   0.046   0.102   0.043   0.006   0.023   0.039   0.032  -0.068   0.018  -0.002   0.055  -0.060   0.033  -0.034  -0.029  -0.012  -0.002\n",
       " 0.000   0.044   0.100  -0.076   0.123  -0.020  -0.028   0.030   0.092   0.214  -0.002   0.091   0.112   0.111   0.145  -0.005   0.068   0.002   0.005   0.033  -0.094   0.108  -0.123   0.074   0.052   0.030  -0.045  -0.020   0.025   0.078  -0.020  -0.103\n",
       " 0.086   0.070   0.043   0.069  -0.007   0.073   0.080   0.072   0.060  -0.002   0.088   0.040   0.023   0.044   0.025   0.081   0.080   0.075   0.001  -0.002   0.075  -0.034   0.018  -0.026  -0.028   0.021  -0.017   0.032  -0.035  -0.060   0.003   0.052\n",
       " 0.041   0.051   0.065   0.033   0.078   0.041   0.038   0.048   0.060   0.091   0.040   0.064   0.071   0.066   0.075   0.041   0.053   0.044   0.001   0.005  -0.029   0.023  -0.022   0.017   0.014   0.000  -0.003  -0.009   0.011   0.024  -0.004  -0.026\n",
       " 0.025   0.041   0.068   0.044   0.119   0.039   0.032   0.039   0.050   0.112   0.023   0.071   0.088   0.066   0.085   0.031   0.030   0.037  -0.001   0.001  -0.075   0.033  -0.016   0.026   0.028  -0.022   0.018  -0.033   0.036   0.060  -0.002  -0.052\n",
       " 0.044   0.059   0.074  -0.015   0.051   0.022   0.022   0.051   0.081   0.111   0.044   0.066   0.066   0.081   0.088   0.037   0.081   0.037   0.004   0.019  -0.003   0.041  -0.062   0.026   0.012   0.034  -0.040   0.012  -0.011   0.004  -0.011  -0.025\n",
       " 0.026   0.051   0.081  -0.025   0.086   0.011   0.007   0.042   0.079   0.145   0.025   0.075   0.085   0.088   0.107   0.022   0.069   0.025   0.004   0.021  -0.045   0.062  -0.075   0.042   0.028   0.023  -0.032  -0.006   0.009   0.038  -0.013  -0.056\n",
       " 0.080   0.063   0.039   0.097   0.020   0.082   0.086   0.067   0.046  -0.005   0.081   0.041   0.031   0.037   0.022   0.080   0.058   0.076  -0.001  -0.010   0.047  -0.040   0.040  -0.028  -0.023  -0.003   0.008   0.014  -0.017  -0.038   0.007   0.044\n",
       " 0.077   0.079   0.068  -0.038  -0.031   0.025   0.033   0.070   0.102   0.068   0.080   0.053   0.030   0.081   0.069   0.058   0.126   0.050   0.008   0.028   0.091   0.021  -0.075   0.008  -0.018   0.080  -0.085   0.060  -0.062  -0.070  -0.013   0.027\n",
       " 0.074   0.059   0.040   0.101   0.034   0.081   0.084   0.064   0.043   0.002   0.075   0.044   0.037   0.037   0.025   0.076   0.050   0.074  -0.002  -0.012   0.030  -0.037   0.042  -0.025  -0.017  -0.011   0.016   0.006  -0.008  -0.025   0.007   0.034\n",
       " 0.001   0.002   0.002  -0.014  -0.008  -0.005  -0.005   0.001   0.006   0.005   0.001   0.001  -0.001   0.004   0.004  -0.001   0.008  -0.002   0.072   0.075   0.079   0.077   0.060   0.074   0.071   0.081   0.061   0.078   0.065   0.066   0.069   0.072\n",
       "-0.002   0.006   0.012  -0.057  -0.019  -0.025  -0.023   0.000   0.023   0.033  -0.002   0.005   0.001   0.019   0.021  -0.010   0.028  -0.012   0.075   0.087   0.087   0.098   0.022   0.088   0.075   0.105   0.033   0.089   0.054   0.060   0.063   0.062\n",
       " 0.069   0.042  -0.014  -0.039  -0.170   0.010   0.028   0.038   0.039  -0.094   0.075  -0.029  -0.075  -0.003  -0.045   0.047   0.091   0.030   0.079   0.087   0.267   0.025   0.053   0.030   0.009   0.163  -0.016   0.170  -0.034  -0.083   0.068   0.183\n",
       "-0.033  -0.004   0.032  -0.104   0.029  -0.056  -0.060  -0.015   0.032   0.108  -0.034   0.023   0.033   0.041   0.062  -0.040   0.021  -0.037   0.077   0.098   0.025   0.147  -0.024   0.122   0.103   0.106   0.026   0.069   0.077   0.111   0.055   0.007\n",
       " 0.019  -0.014  -0.043   0.179   0.033   0.082   0.079   0.005  -0.068  -0.123   0.018  -0.022  -0.016  -0.062  -0.075   0.040  -0.075   0.042   0.060   0.022   0.053  -0.024   0.227   0.012   0.051  -0.024   0.182   0.030   0.112   0.082   0.098   0.119\n",
       "-0.025  -0.005   0.021  -0.064   0.029  -0.036  -0.040  -0.012   0.018   0.074  -0.026   0.017   0.026   0.026   0.042  -0.028   0.008  -0.025   0.074   0.088   0.030   0.122   0.012   0.106   0.095   0.088   0.048   0.064   0.081   0.106   0.061   0.024\n",
       "-0.026  -0.012   0.012  -0.017   0.051  -0.017  -0.023  -0.014  -0.002   0.052  -0.028   0.014   0.028   0.012   0.028  -0.023  -0.018  -0.017   0.071   0.075   0.009   0.103   0.051   0.095   0.096   0.057   0.082   0.046   0.100   0.121   0.068   0.026\n",
       " 0.018   0.025   0.018  -0.117  -0.089  -0.042  -0.033   0.013   0.055   0.030   0.021   0.000  -0.022   0.034   0.023  -0.003   0.080  -0.011   0.081   0.105   0.163   0.106  -0.024   0.088   0.057   0.163  -0.027   0.136   0.005   0.001   0.055   0.091\n",
       "-0.014  -0.026  -0.023   0.134   0.088   0.050   0.042  -0.012  -0.060  -0.045  -0.017  -0.003   0.018  -0.040  -0.032   0.008  -0.085   0.016   0.061   0.033  -0.016   0.026   0.182   0.048   0.082  -0.027   0.179   0.006   0.139   0.138   0.091   0.060\n",
       " 0.030   0.023   0.002  -0.057  -0.089  -0.013  -0.003   0.017   0.033  -0.020   0.032  -0.009  -0.033   0.012  -0.006   0.014   0.060   0.006   0.078   0.089   0.170   0.069   0.030   0.064   0.046   0.136   0.006   0.128   0.012  -0.005   0.064   0.115\n",
       "-0.032  -0.025  -0.001   0.056   0.095   0.011   0.001  -0.019  -0.034   0.025  -0.035   0.011   0.036  -0.011   0.009  -0.017  -0.062  -0.008   0.065   0.054  -0.034   0.077   0.112   0.081   0.100   0.005   0.139   0.012   0.134   0.154   0.079   0.023\n",
       "-0.056  -0.033   0.013   0.026   0.134  -0.010  -0.025  -0.031  -0.029   0.078  -0.060   0.024   0.060   0.004   0.038  -0.038  -0.070  -0.025   0.066   0.060  -0.083   0.111   0.082   0.106   0.121   0.001   0.138  -0.005   0.154   0.194   0.074  -0.019\n",
       " 0.003  -0.003  -0.007   0.031   0.006   0.014   0.013   0.001  -0.012  -0.020   0.003  -0.004  -0.002  -0.011  -0.013   0.007  -0.013   0.007   0.069   0.063   0.068   0.055   0.098   0.061   0.068   0.055   0.091   0.064   0.079   0.074   0.076   0.079\n",
       " 0.049   0.020  -0.025   0.043  -0.091   0.037   0.047   0.025  -0.002  -0.103   0.052  -0.026  -0.052  -0.025  -0.056   0.044   0.027   0.034   0.072   0.062   0.183   0.007   0.119   0.024   0.026   0.091   0.060   0.115   0.023  -0.019   0.079   0.157"
      ]
     },
     "metadata": {},
     "output_type": "display_data"
    }
   ],
   "source": [
    "let (xinv, s) = pinvExtended x0 1e-15\n",
    "disp 3 $ xinv <> x0 -- identity\n",
    "disp 3 $ x0 <> xinv "
   ]
  },
  {
   "cell_type": "code",
   "execution_count": 20,
   "id": "6c250057-4b3d-452d-abc4-a835ce2f7ea4",
   "metadata": {},
   "outputs": [],
   "source": [
    "-- import Numeric.LinearAlgebra.Data (maxElement, cmap, subVector)\n",
    "import Numeric.LinearAlgebra.HMatrix (rank, app)\n",
    "import Numeric.LinearAlgebra (norm_2)"
   ]
  },
  {
   "cell_type": "code",
   "execution_count": 22,
   "id": "70614296-ffc8-4f1f-b03b-e3e30eb08f8e",
   "metadata": {},
   "outputs": [],
   "source": [
    "-- TODO: need to figure out the pre-processing to get wexog\n",
    "let wexog = x0\n",
    "    wendog = y -- TODO: I think\n",
    "    (pinvWexog, singularValues) = pinvExtended wexog 1e-15\n",
    "    normalized_cov_params = pinvWexog <> tr pinvWexog -- TODO: Should this be tr'?\n",
    "    -- Cache these singular values for use later.\n",
    "    wexogSingularValues = singularValues\n",
    "    dataRank = rank $ diag singularValues -- following statsmodels, but is this just the number of non-zero singular values, possibly with a cutoff\n",
    "    beta = pinvWexog `app` wendog\n"
   ]
  },
  {
   "cell_type": "code",
   "execution_count": 23,
   "id": "57ef2a31-4d78-4379-98ce-37b3449f7859",
   "metadata": {},
   "outputs": [],
   "source": [
    "class Model m x y where\n",
    "    predict :: m -> x -> y\n",
    "    \n",
    "class ModelEstimator f x y r where\n",
    "    fit :: f -> x -> y -> r"
   ]
  },
  {
   "cell_type": "code",
   "execution_count": 24,
   "id": "502ffc2d-2590-46c4-998a-ff26030c2ba5",
   "metadata": {},
   "outputs": [],
   "source": [
    "data CovarianceType = NonRobustCovariance\n",
    "  deriving (Eq, Show)\n",
    "\n",
    "data OLSResults = OLSResults \n",
    "    { olsResults_beta :: Vector Double\n",
    "    , olsResults_normalizedCovParams :: Matrix Double\n",
    "    , olsResults_covarianceType :: CovarianceType\n",
    "    , olsResults_uset :: Bool\n",
    "    , olsResults_trainingData :: (Matrix Double, Vector Double) } deriving (Eq, Show)\n"
   ]
  },
  {
   "cell_type": "code",
   "execution_count": 25,
   "id": "7872c7a4-b8d7-4c5e-ad63-df9010889e7a",
   "metadata": {},
   "outputs": [],
   "source": [
    "instance Model OLSResults (Matrix Double) (Vector Double) where\n",
    "    predict olsres x = x `app` olsResults_beta olsres"
   ]
  },
  {
   "cell_type": "code",
   "execution_count": 26,
   "id": "2c481ce9-3afe-4962-b089-a0c43cab7f64",
   "metadata": {},
   "outputs": [
    {
     "data": {
      "text/html": [
       "<div class=\"code CodeMirror cm-s-jupyter cm-s-ipython\"><span class=\"cm-variable\">y</span><span class=\"cm-space\"> </span><span class=\"cm-atom\">::</span><span class=\"cm-space\"> </span><span class=\"cm-variable-2\">Vector</span><span class=\"cm-space\"> </span><span class=\"cm-variable-2\">Double</span><span class=\"cm-space\"> \t</span><span class=\"cm-comment\">-- Defined at <interactive>:2:1</span><span class=\"cm-space\"><br /></span></div>"
      ],
      "text/plain": [
       "y :: Vector Double \t-- Defined at <interactive>:2:1"
      ]
     },
     "metadata": {},
     "output_type": "display_data"
    }
   ],
   "source": [
    ":info y"
   ]
  },
  {
   "cell_type": "code",
   "execution_count": 60,
